-8.0 -8.0 0.06984302957695782 0.6285872661926204
-8.0 -7.0 0.07844645405527362 0.6275716324421889
-8.0 -6.0 0.08944271909999159 0.6260990336999411
-8.0 -5.0 0.10397504898200727 0.6238502938920436
-8.0 -4.0 0.12403473458920845 0.6201736729460423
-8.0 -3.0 0.1533929977694741 0.6135719910778964
-8.0 -2.0 0.2 0.6000000000000001
-8.0 -1.0 0.282842712474619 0.565685424949238
-8.0 0.0 0.4472135954999579 0.4472135954999579
-8.0 1.0 0.6324555320336759 0.0
-8.0 2.0 0.4472135954999579 -0.4472135954999579
-8.0 3.0 0.282842712474619 -0.565685424949238
-8.0 4.0 0.2 -0.6000000000000001
-8.0 5.0 0.1533929977694741 -0.6135719910778964
-8.0 6.0 0.12403473458920845 -0.6201736729460423
-8.0 7.0 0.10397504898200727 -0.6238502938920436
-7.0 -8.0 0.06984302957695782 0.6285872661926204
-7.0 -7.0 0.07844645405527362 0.6275716324421889
-7.0 -6.0 0.08944271909999159 0.6260990336999411
-7.0 -5.0 0.10397504898200727 0.6238502938920436
-7.0 -4.0 0.12403473458920845 0.6201736729460423
-7.0 -3.0 0.1533929977694741 0.6135719910778964
-7.0 -2.0 0.2 0.6000000000000001
-7.0 -1.0 0.282842712474619 0.565685424949238
-7.0 0.0 0.4472135954999579 0.4472135954999579
-7.0 1.0 0.6324555320336759 0.0
-7.0 2.0 0.4472135954999579 -0.4472135954999579
-7.0 3.0 0.282842712474619 -0.565685424949238
-7.0 4.0 0.2 -0.6000000000000001
-7.0 5.0 0.1533929977694741 -0.6135719910778964
-7.0 6.0 0.12403473458920845 -0.6201736729460423
-7.0 7.0 0.10397504898200727 -0.6238502938920436
-6.0 -8.0 0.06984302957695782 0.6285872661926204
-6.0 -7.0 0.07844645405527362 0.6275716324421889
-6.0 -6.0 0.08944271909999159 0.6260990336999411
-6.0 -5.0 0.10397504898200727 0.6238502938920436
-6.0 -4.0 0.12403473458920845 0.6201736729460423
-6.0 -3.0 0.1533929977694741 0.6135719910778964
-6.0 -2.0 0.2 0.6000000000000001
-6.0 -1.0 0.282842712474619 0.565685424949238
-6.0 0.0 0.4472135954999579 0.4472135954999579
-6.0 1.0 0.6324555320336759 0.0
-6.0 2.0 0.4472135954999579 -0.4472135954999579
-6.0 3.0 0.282842712474619 -0.565685424949238
-6.0 4.0 0.2 -0.6000000000000001
-6.0 5.0 0.1533929977694741 -0.6135719910778964
-6.0 6.0 0.12403473458920845 -0.6201736729460423
-6.0 7.0 0.10397504898200727 -0.6238502938920436
-5.0 -8.0 0.06984302957695782 0.6285872661926204
-5.0 -7.0 0.07844645405527362 0.6275716324421889
-5.0 -6.0 0.08944271909999159 0.6260990336999411
-5.0 -5.0 0.10397504898200727 0.6238502938920436
-5.0 -4.0 0.12403473458920845 0.6201736729460423
-5.0 -3.0 0.1533929977694741 0.6135719910778964
-5.0 -2.0 0.2 0.6000000000000001
-5.0 -1.0 0.282842712474619 0.565685424949238
-5.0 0.0 0.4472135954999579 0.4472135954999579
-5.0 1.0 0.6324555320336759 0.0
-5.0 2.0 0.4472135954999579 -0.4472135954999579
-5.0 3.0 0.282842712474619 -0.565685424949238
-5.0 4.0 0.2 -0.6000000000000001
-5.0 5.0 0.1533929977694741 -0.6135719910778964
-5.0 6.0 0.12403473458920845 -0.6201736729460423
-5.0 7.0 0.10397504898200727 -0.6238502938920436
-4.0 -8.0 0.06984302957695782 0.6285872661926204
-4.0 -7.0 0.07844645405527362 0.6275716324421889
-4.0 -6.0 0.08944271909999159 0.6260990336999411
-4.0 -5.0 0.10397504898200727 0.6238502938920436
-4.0 -4.0 0.12403473458920845 0.6201736729460423
-4.0 -3.0 0.1533929977694741 0.6135719910778964
-4.0 -2.0 0.2 0.6000000000000001
-4.0 -1.0 0.282842712474619 0.565685424949238
-4.0 0.0 0.4472135954999579 0.4472135954999579
-4.0 1.0 0.6324555320336759 0.0
-4.0 2.0 0.4472135954999579 -0.4472135954999579
-4.0 3.0 0.282842712474619 -0.565685424949238
-4.0 4.0 0.2 -0.6000000000000001
-4.0 5.0 0.1533929977694741 -0.6135719910778964
-4.0 6.0 0.12403473458920845 -0.6201736729460423
-4.0 7.0 0.10397504898200727 -0.6238502938920436
-3.0 -8.0 0.06984302957695782 0.6285872661926204
-3.0 -7.0 0.07844645405527362 0.6275716324421889
-3.0 -6.0 0.08944271909999159 0.6260990336999411
-3.0 -5.0 0.10397504898200727 0.6238502938920436
-3.0 -4.0 0.12403473458920845 0.6201736729460423
-3.0 -3.0 0.1533929977694741 0.6135719910778964
-3.0 -2.0 0.2 0.6000000000000001
-3.0 -1.0 0.282842712474619 0.565685424949238
-3.0 0.0 0.4472135954999579 0.4472135954999579
-3.0 1.0 0.6324555320336759 0.0
-3.0 2.0 0.4472135954999579 -0.4472135954999579
-3.0 3.0 0.282842712474619 -0.565685424949238
-3.0 4.0 0.2 -0.6000000000000001
-3.0 5.0 0.1533929977694741 -0.6135719910778964
-3.0 6.0 0.12403473458920845 -0.6201736729460423
-3.0 7.0 0.10397504898200727 -0.6238502938920436
-2.0 -8.0 0.06984302957695782 0.6285872661926204
-2.0 -7.0 0.07844645405527362 0.6275716324421889
-2.0 -6.0 0.08944271909999159 0.6260990336999411
-2.0 -5.0 0.10397504898200727 0.6238502938920436
-2.0 -4.0 0.12403473458920845 0.6201736729460423
-2.0 -3.0 0.1533929977694741 0.6135719910778964
-2.0 -2.0 0.2 0.6000000000000001
-2.0 -1.0 0.282842712474619 0.565685424949238
-2.0 0.0 0.4472135954999579 0.4472135954999579
-2.0 1.0 0.6324555320336759 0.0
-2.0 2.0 0.4472135954999579 -0.4472135954999579
-2.0 3.0 0.282842712474619 -0.565685424949238
-2.0 4.0 0.2 -0.6000000000000001
-2.0 5.0 0.1533929977694741 -0.6135719910778964
-2.0 6.0 0.12403473458920845 -0.6201736729460423
-2.0 7.0 0.10397504898200727 -0.6238502938920436
-1.0 -8.0 0.06984302957695782 0.6285872661926204
-1.0 -7.0 0.07844645405527362 0.6275716324421889
-1.0 -6.0 0.08944271909999159 0.6260990336999411
-1.0 -5.0 0.10397504898200727 0.6238502938920436
-1.0 -4.0 0.12403473458920845 0.6201736729460423
-1.0 -3.0 0.1533929977694741 0.6135719910778964
-1.0 -2.0 0.2 0.6000000000000001
-1.0 -1.0 0.282842712474619 0.565685424949238
-1.0 0.0 0.4472135954999579 0.4472135954999579
-1.0 1.0 0.6324555320336759 0.0
-1.0 2.0 0.4472135954999579 -0.4472135954999579
-1.0 3.0 0.282842712474619 -0.565685424949238
-1.0 4.0 0.2 -0.6000000000000001
-1.0 5.0 0.1533929977694741 -0.6135719910778964
-1.0 6.0 0.12403473458920845 -0.6201736729460423
-1.0 7.0 0.10397504898200727 -0.6238502938920436
0.0 -8.0 0.06984302957695782 0.6285872661926204
0.0 -7.0 0.07844645405527362 0.6275716324421889
0.0 -6.0 0.08944271909999159 0.6260990336999411
0.0 -5.0 0.10397504898200727 0.6238502938920436
0.0 -4.0 0.12403473458920845 0.6201736729460423
0.0 -3.0 0.1533929977694741 0.6135719910778964
0.0 -2.0 0.2 0.6000000000000001
0.0 -1.0 0.282842712474619 0.565685424949238
0.0 0.0 0.4472135954999579 0.4472135954999579
0.0 1.0 0.6324555320336759 0.0
0.0 2.0 0.4472135954999579 -0.4472135954999579
0.0 3.0 0.282842712474619 -0.565685424949238
0.0 4.0 0.2 -0.6000000000000001
0.0 5.0 0.1533929977694741 -0.6135719910778964
0.0 6.0 0.12403473458920845 -0.6201736729460423
0.0 7.0 0.10397504898200727 -0.6238502938920436
1.0 -8.0 0.06984302957695782 0.6285872661926204
1.0 -7.0 0.07844645405527362 0.6275716324421889
1.0 -6.0 0.08944271909999159 0.6260990336999411
1.0 -5.0 0.10397504898200727 0.6238502938920436
1.0 -4.0 0.12403473458920845 0.6201736729460423
1.0 -3.0 0.1533929977694741 0.6135719910778964
1.0 -2.0 0.2 0.6000000000000001
1.0 -1.0 0.282842712474619 0.565685424949238
1.0 0.0 0.4472135954999579 0.4472135954999579
1.0 1.0 0.6324555320336759 0.0
1.0 2.0 0.4472135954999579 -0.4472135954999579
1.0 3.0 0.282842712474619 -0.565685424949238
1.0 4.0 0.2 -0.6000000000000001
1.0 5.0 0.1533929977694741 -0.6135719910778964
1.0 6.0 0.12403473458920845 -0.6201736729460423
1.0 7.0 0.10397504898200727 -0.6238502938920436
2.0 -8.0 0.06984302957695782 0.6285872661926204
2.0 -7.0 0.07844645405527362 0.6275716324421889
2.0 -6.0 0.08944271909999159 0.6260990336999411
2.0 -5.0 0.10397504898200727 0.6238502938920436
2.0 -4.0 0.12403473458920845 0.6201736729460423
2.0 -3.0 0.1533929977694741 0.6135719910778964
2.0 -2.0 0.2 0.6000000000000001
2.0 -1.0 0.282842712474619 0.565685424949238
2.0 0.0 0.4472135954999579 0.4472135954999579
2.0 1.0 0.6324555320336759 0.0
2.0 2.0 0.4472135954999579 -0.4472135954999579
2.0 3.0 0.282842712474619 -0.565685424949238
2.0 4.0 0.2 -0.6000000000000001
2.0 5.0 0.1533929977694741 -0.6135719910778964
2.0 6.0 0.12403473458920845 -0.6201736729460423
2.0 7.0 0.10397504898200727 -0.6238502938920436
3.0 -8.0 0.06984302957695782 0.6285872661926204
3.0 -7.0 0.07844645405527362 0.6275716324421889
3.0 -6.0 0.08944271909999159 0.6260990336999411
3.0 -5.0 0.10397504898200727 0.6238502938920436
3.0 -4.0 0.12403473458920845 0.6201736729460423
3.0 -3.0 0.1533929977694741 0.6135719910778964
3.0 -2.0 0.2 0.6000000000000001
3.0 -1.0 0.282842712474619 0.565685424949238
3.0 0.0 0.4472135954999579 0.4472135954999579
3.0 1.0 0.6324555320336759 0.0
3.0 2.0 0.4472135954999579 -0.4472135954999579
3.0 3.0 0.282842712474619 -0.565685424949238
3.0 4.0 0.2 -0.6000000000000001
3.0 5.0 0.1533929977694741 -0.6135719910778964
3.0 6.0 0.12403473458920845 -0.6201736729460423
3.0 7.0 0.10397504898200727 -0.6238502938920436
4.0 -8.0 0.06984302957695782 0.6285872661926204
4.0 -7.0 0.07844645405527362 0.6275716324421889
4.0 -6.0 0.08944271909999159 0.6260990336999411
4.0 -5.0 0.10397504898200727 0.6238502938920436
4.0 -4.0 0.12403473458920845 0.6201736729460423
4.0 -3.0 0.1533929977694741 0.6135719910778964
4.0 -2.0 0.2 0.6000000000000001
4.0 -1.0 0.282842712474619 0.565685424949238
4.0 0.0 0.4472135954999579 0.4472135954999579
4.0 1.0 0.6324555320336759 0.0
4.0 2.0 0.4472135954999579 -0.4472135954999579
4.0 3.0 0.282842712474619 -0.565685424949238
4.0 4.0 0.2 -0.6000000000000001
4.0 5.0 0.1533929977694741 -0.6135719910778964
4.0 6.0 0.12403473458920845 -0.6201736729460423
4.0 7.0 0.10397504898200727 -0.6238502938920436
5.0 -8.0 0.06984302957695782 0.6285872661926204
5.0 -7.0 0.07844645405527362 0.6275716324421889
5.0 -6.0 0.08944271909999159 0.6260990336999411
5.0 -5.0 0.10397504898200727 0.6238502938920436
5.0 -4.0 0.12403473458920845 0.6201736729460423
5.0 -3.0 0.1533929977694741 0.6135719910778964
5.0 -2.0 0.2 0.6000000000000001
5.0 -1.0 0.282842712474619 0.565685424949238
5.0 0.0 0.4472135954999579 0.4472135954999579
5.0 1.0 0.6324555320336759 0.0
5.0 2.0 0.4472135954999579 -0.4472135954999579
5.0 3.0 0.282842712474619 -0.565685424949238
5.0 4.0 0.2 -0.6000000000000001
5.0 5.0 0.1533929977694741 -0.6135719910778964
5.0 6.0 0.12403473458920845 -0.6201736729460423
5.0 7.0 0.10397504898200727 -0.6238502938920436
6.0 -8.0 0.06984302957695782 0.6285872661926204
6.0 -7.0 0.07844645405527362 0.6275716324421889
6.0 -6.0 0.08944271909999159 0.6260990336999411
6.0 -5.0 0.10397504898200727 0.6238502938920436
6.0 -4.0 0.12403473458920845 0.6201736729460423
6.0 -3.0 0.1533929977694741 0.6135719910778964
6.0 -2.0 0.2 0.6000000000000001
6.0 -1.0 0.282842712474619 0.565685424949238
6.0 0.0 0.4472135954999579 0.4472135954999579
6.0 1.0 0.6324555320336759 0.0
6.0 2.0 0.4472135954999579 -0.4472135954999579
6.0 3.0 0.282842712474619 -0.565685424949238
6.0 4.0 0.2 -0.6000000000000001
6.0 5.0 0.1533929977694741 -0.6135719910778964
6.0 6.0 0.12403473458920845 -0.6201736729460423
6.0 7.0 0.10397504898200727 -0.6238502938920436
7.0 -8.0 0.06984302957695782 0.6285872661926204
7.0 -7.0 0.07844645405527362 0.6275716324421889
7.0 -6.0 0.08944271909999159 0.6260990336999411
7.0 -5.0 0.10397504898200727 0.6238502938920436
7.0 -4.0 0.12403473458920845 0.6201736729460423
7.0 -3.0 0.1533929977694741 0.6135719910778964
7.0 -2.0 0.2 0.6000000000000001
7.0 -1.0 0.282842712474619 0.565685424949238
7.0 0.0 0.4472135954999579 0.4472135954999579
7.0 1.0 0.6324555320336759 0.0
7.0 2.0 0.4472135954999579 -0.4472135954999579
7.0 3.0 0.282842712474619 -0.565685424949238
7.0 4.0 0.2 -0.6000000000000001
7.0 5.0 0.1533929977694741 -0.6135719910778964
7.0 6.0 0.12403473458920845 -0.6201736729460423
7.0 7.0 0.10397504898200727 -0.6238502938920436
